variant_id,stop_id
804234,1532
805095,3134
805419,73
805422,83
805422,2482
805422,73
805440,1705
805507,1407
805507,1532
805593,1603
805593,1497
805675,4248
805675,2040
805675,1705
805676,4248
805676,2040
805676,1705
806431,1704
806432,1704
806432,2477
806432,4248
806456,3134
806466,1705
806466,4201
806537,115
806537,1139
806537,981
806537,799
806537,1025
806820,4566
806820,4256
806820,2113
806820,568
806820,575
809307,1869
809315,1531
809416,1376
809416,1532
809456,1868
809478,1531
809492,1532
809494,1531
809723,568
809723,572
809873,4248
809873,2040
809873,1705
809910,4013
809910,3976
809910,4026
809910,4002
809911,4003
809911,4025
809911,3976
809911,4014
809920,1705
810129,1629
810129,2034
810129,1417
810129,3521
810129,1397
810135,1897
810135,2034
810135,1417
810135,3521
810135,1541
810164,1897
810164,2034
810164,1417
810164,3521
810164,1541
810473,3667
810473,3586
810529,1398
810529,3522
810529,1418
810529,2033
810529,1628
810558,1542
811372,1532
811826,1531
811827,1531
811827,1408
811856,1531
812277,115
812277,1139
812277,981
812277,799
812277,1025
812278,91
812278,798
812278,994
812281,91
812281,798
812281,994
812322,884
812322,217
812322,115
812322,91
812322,3136
812323,884
812323,217
812323,115
812323,91
812323,3136
812324,242
812324,884
812324,217
812324,115
812324,91
812325,242
812325,884
812325,217
812325,115
812325,91
812325,3136
812502,1704
812502,2251
812502,895
812503,992
812503,1015
812503,1705
812504,1704
812504,2251
812505,1015
812505,1705
812507,3977
812507,992
812507,1705
812508,1704
812508,2251
812508,895
812512,992
812512,1015
812513,992
812513,1015
812513,1705
812516,3871
812516,992
812516,1015
812517,3871
812517,992
812517,1015
812517,1705
812518,3871
812518,992
812518,1015
812518,1705
812530,1015
812531,1015
812531,1705
812532,1015
812532,1705
812540,1705
812541,3977
812541,992
812541,1705
812556,1704
812556,2251
812556,895
812556,3870
812782,638
812782,3124
812783,3123
812783,636
812785,638
812785,3124
812785,4439
812788,4521
812788,3123
812788,636
813096,788
813096,2554
813213,2479
813249,115
813249,91
813374,242
813374,213
813374,115
813374,1025
813401,638
813421,636
813987,1704
813987,149
813988,148
813988,1705
813989,1704
813989,149
813990,148
813990,1705
813991,1704
813991,72
813991,1125
813991,2570
813991,114
813992,115
813992,2569
813992,2482
813992,73
813992,1705
813993,1704
813993,149
813993,912
813995,148
813996,148
813996,1705
813997,148
813997,1705
813998,153
813998,148
813998,1705
813999,153
813999,148
814000,153
814000,148
814000,1705
814001,153
814001,148
814001,1705
814002,148
814003,148
814003,1705
814004,148
814004,1705
814005,153
814005,148
814006,153
814006,148
814006,1705
814008,153
814008,148
814008,1705
814009,1704
814009,149
814009,153
814010,115
814010,2569
814010,2482
814010,73
814010,1705
814011,115
814011,2569
814011,2482
814011,73
814011,1705
814012,115
814012,2569
814012,2482
814012,73
814092,1897
814092,2034
814092,1417
814092,3521
814092,1541
814092,1375
814576,1249
814576,27
814599,4125
814599,4137
814599,4122
814599,3906
814599,3514
814599,3519
814603,4376
814603,4125
814603,4137
814603,4122
814603,3906
814603,3514
814603,3519
814604,4125
814604,4137
814604,4122
814617,378
814617,3890
814617,480
814617,4138
814617,3134
814618,3134
814618,4122
814618,481
814618,3891
814618,2341
814630,378
814630,3890
814630,480
814630,4138
814630,3134
814631,3134
814631,4122
814631,481
814631,3891
814631,2341
814632,378
814632,3890
814632,480
814632,4138
814632,3134
814681,1160
814688,213
814776,180
814776,213
814776,824
814776,638
814777,180
814777,213
814777,824
814777,638
814888,4685
814888,1534
814888,1418
814888,2031
814888,1897
815232,469
815232,2905
815232,435
815232,1011
815233,469
815233,2905
815233,435
815233,1011
815234,125
815234,2479
815234,115
815235,2570
815235,788
815235,2554
815444,539
815444,527
815449,539
815449,527
815450,3272
815450,539
815450,527
815522,148
815522,1705
815522,4201
815538,3977
815538,992
815538,1015
815538,1705
815544,2482
815544,73
815544,1705
815553,3598
815553,4590
815553,3421
815553,2305
815553,2871
815553,3652
815553,3646
815553,3036
815553,1979
815553,3669
815553,1702
815553,3706
815553,3588
815553,3666
815553,3722
815554,3667
815554,3707
815554,1703
815554,3668
815554,1731
815554,3037
815554,3647
815554,3653
815554,2899
815554,2274
815554,3419
815554,4591
815554,3599
815610,3721
815610,3644
815610,1731
815610,3647
815610,3653
815610,2899
815610,2274
815610,3419
815610,4591
815610,3599
815612,3598
815612,4590
815612,3421
815612,2305
815612,2871
815612,3652
815612,3646
815612,1731
815612,3645
815612,3722
815612,3852
815613,576
815613,567
815613,2113
815613,4255
815613,3641
815613,4254
815613,3600
815614,3600
815614,1086
815614,3632
815614,4254
815614,4566
815614,4256
815614,2113
815614,568
815614,575
815688,3977
815688,992
815688,1015
815688,1705
815689,2482
815689,73
815690,895
815694,895
815694,3976
815695,1704
815695,895
815695,3976
815696,3977
815696,992
815696,1015
815696,1705
815697,895
815848,1680
815848,4250
815848,2817
815900,1376
815900,1542
815900,3523
815900,1418
815900,2031
815900,1495
815922,3421
815922,728
815922,3244
815922,3720
815922,4596
815922,3669
815922,3706
815922,3709
815922,1081
815922,3064
815922,3672
815922,4422
815923,4423
815923,3671
815923,3065
815923,1082
815923,3707
815923,3670
815923,4597
815923,3720
815923,727
815923,3415
815995,3720
815995,3245
815995,727
815995,3415
815999,3420
815999,2782
815999,4566
816001,3420
816001,2782
816001,3641
816001,4254
816002,3420
816002,2782
816002,3641
816002,3621
816003,3420
816003,2782
816003,3641
816004,3420
816004,2782
816004,3641
816005,3420
816005,2782
816005,3641
816005,2254
816006,2934
816006,2781
816006,3415
816007,4566
816007,2934
816007,2781
816007,3415
816008,4254
816008,2934
816008,2781
816008,3415
816009,2934
816009,2781
816009,3415
816010,2255
816010,2934
816010,2781
816010,3415
816011,3421
816011,2305
816011,2871
816011,3652
816011,3646
816011,3036
816011,1979
816011,3669
816011,1702
816011,3706
816011,3588
816011,3666
816011,3722
816012,3667
816012,3707
816012,1703
816012,3668
816012,1731
816012,3037
816012,3647
816012,3653
816012,2899
816012,2274
816012,3415
816013,3598
816013,4590
816013,3415
816014,3419
816014,4591
816014,3599
816015,3421
816015,2305
816015,2871
816015,3652
816015,3646
816015,3645
816015,3722
816015,3852
816016,3721
816016,3644
816016,1731
816016,3647
816016,3653
816016,2899
816016,2274
816016,3415
816141,376
816141,1817
816153,33
816153,4663
816153,538
816153,3272
816153,3370
816153,2747
816154,2747
816154,3370
816154,539
816154,4664
816154,838
816155,33
816155,4663
816155,538
816156,539
816156,4664
816156,838
816193,396
816193,3890
816193,304
816193,2855
816193,255
816193,1759
816193,3416
816193,213
816204,667
816204,636
816232,2855
816232,205
816242,3405
816242,3404
816242,3924
816242,2342
816242,1963
816242,2855
816243,3405
816243,3404
816243,4632
816243,3924
816243,2342
816243,1963
816243,2855
816243,213
816284,1002
816301,378
816301,864
816301,327
816301,2816
816314,952
816339,666
816339,255
816339,271
816339,281
816339,403
816339,378
816351,396
816351,3890
816351,304
816351,2855
816352,396
816352,3890
816352,304
816352,2855
816353,3890
816353,304
816354,1151
816354,305
816354,3891
816354,1002
816359,1151
816359,305
816359,3891
816380,212
816380,1306
816380,281
816380,1962
816380,3934
816380,3890
816380,480
816380,2527
816383,812
816383,403
816399,26
816399,3133
816404,271
816404,281
816404,3782
816404,378
816405,3782
816405,378
816414,255
816414,271
816414,281
816414,378
816415,255
816415,271
816415,281
816415,378
816415,1153
816421,2342
816422,2342
816431,952
816433,2011
816433,4400
816433,348
816433,1215
816433,481
816434,480
816434,2035
816434,350
816435,3807
816435,349
816435,1215
816435,481
816436,480
816436,347
816436,2666
816436,4401
816436,2010
816437,480
816437,347
816437,2666
816437,4401
816437,2010
816437,864
816438,480
816438,2035
816438,350
816438,2010
816439,480
816439,2035
816439,350
816467,213
816468,1160
816469,665
816489,2935
816489,2506
816489,3422
816489,2013
816489,761
816490,760
816490,1230
816490,2711
816490,3419
816490,2935
816490,2375
816493,2935
816493,2506
816493,3422
816493,2013
816494,2506
816494,3422
816494,2013
816494,761
816495,2506
816495,3422
816495,2013
816498,760
816498,1230
816498,2711
816498,3419
816498,2375
816506,255
816506,271
816506,281
816511,638
816511,3124
816511,4439
816512,4728
816512,4521
816512,3123
816512,636
816650,4254
816650,2934
816650,2781
816650,3415
816653,2011
816653,941
816653,4389
816653,2665
816653,348
816653,481
816653,509
816666,812
816666,3861
816666,4458
816666,4115
816666,4459
816666,4746
816667,4747
816667,4460
816667,4114
816667,4457
816667,3410
816669,4747
816669,4460
816669,4114
816669,4457
816669,3410
816670,3861
816670,4458
816670,4115
816670,4459
816670,4746
816672,812
816672,3861
816672,4458
816672,4466
816673,4467
816673,4484
816673,4464
816673,4457
816673,3410
816674,812
816674,3861
816674,4458
816674,4115
816674,4481
816674,4678
816674,4461
816674,4746
816675,4747
816675,4462
816675,4678
816675,4480
816675,4114
816675,4457
816675,3410
816682,3977
816682,992
816682,1705
816688,334
816688,3812
816688,4400
816688,2665
816688,4280
816688,1934
816688,4278
816688,4754
816688,4287
816689,4291
816689,4277
816689,1933
816689,4279
816689,2666
816689,4401
816689,3813
816689,335
816690,2528
816690,2036
816690,353
816690,4284
816690,4286
816690,4291
816690,4301
816690,4276
816690,4275
816692,334
816692,3812
816692,4400
816692,2665
816692,4280
816692,1934
816692,4278
816694,4277
816694,1933
816694,4279
816694,2666
816694,4401
816694,3813
816694,335
816740,665
816755,1603
816755,1497
816755,2818
816755,1459
816755,1868
816763,1497
816763,2818
816763,1534
816763,1459
816763,2031
816763,1495
816779,1603
816779,1497
816779,2818
816825,1603
816825,1497
816825,2818
816838,1629
816838,1746
816838,1420
816838,3521
816975,2570
816975,788
816975,2554
816980,2479
816980,115
816981,210
816983,125
817004,1497
817004,2818
817004,1459
817004,1868
817034,3523
817034,1419
817034,1747
817034,1628
817054,1963
817054,2863
817054,316
817054,3518
817054,3892
817054,1249
817054,3134
817055,4706
817055,1963
817055,2863
817055,316
817055,3518
817055,3892
817055,1249
817055,3134
817057,3892
817057,1249
817057,3134
817078,3628
817078,4554
817078,3617
817078,3603
817078,3596
817078,3598
817078,4590
817078,3415
817079,4423
817079,3671
817079,3065
817079,1082
817079,3707
817079,3670
817079,4597
817079,3720
817079,4529
817079,727
817079,3415
817080,3421
817080,728
817080,3244
817080,4596
817080,3669
817080,1702
817080,3706
817080,3709
817080,1081
817080,3064
817080,3672
817080,4422
817081,3421
817081,728
817081,3720
817081,4596
817081,3668
817081,1979
817081,3706
817081,3709
817081,1081
817081,3064
817081,3672
817081,4422
817082,3421
817082,728
817082,4596
817082,3668
817082,1979
817082,3669
817082,3706
817083,3421
817083,728
817083,4596
817083,3668
817083,1979
817083,3669
817083,3706
817083,3709
817083,1081
817083,3064
817083,3672
817083,4422
817085,4423
817085,3671
817085,3065
817085,1082
817085,3707
817085,3668
817085,1979
817085,3670
817085,4597
817085,3720
817085,727
817085,3415
817086,4423
817086,3671
817086,3065
817086,1082
817086,3707
817086,1979
817086,3670
817086,4597
817086,727
817086,3415
817103,3517
817103,3518
817103,1218
817103,4138
817103,4123
817104,3517
817104,3518
817104,1218
817104,4138
817104,4123
817104,4375
817146,2919
817146,2528
817146,3901
817147,2528
817147,3901
817147,2855
817147,1174
817148,2528
817148,3901
817148,2855
817148,1174
817149,1306
817149,2863
817149,3900
817149,2527
817180,1160
817180,824
817180,651
817180,656
817180,3517
817180,508
817180,3106
817180,3514
817180,3901
817203,26
817203,445
817203,3906
817203,319
817205,1151
817205,318
817205,3892
817205,1249
817205,27
817225,2747
817225,582
817225,568
817225,575
817225,1740
817250,1748
817250,1547
817250,3524
817250,1541
817291,3522
817291,1548
817291,1749
817362,4652
817362,1892
817362,603
817362,1900
817367,3901
817367,952
817367,1782
817367,638
817382,1239
817382,281
817382,403
817382,2341
817382,3924
817382,4635
817382,3405
817382,3404
817382,4632
817383,3405
817383,3404
817383,4632
817383,3924
817383,2342
817383,1963
817383,2855
817383,213
817388,2528
817388,481
817388,3891
817388,3933
817388,3182
817388,2855
817388,1174
817388,213
817388,2172
817388,675
817388,678
817396,884
817396,217
817396,115
817396,91
817402,180
817402,213
817402,824
817402,638
817408,16
817408,198
817408,3547
817408,2884
817408,1151
817408,494
817408,3518
817409,213
817412,637
817417,613
817417,3895
817447,3901
817447,315
817447,1782
817448,788
817448,213
817448,216
817448,226
817448,240
817448,30
817448,305
817448,3900
817449,2479
817450,788
817450,213
817472,1239
817472,281
817472,403
817472,2341
817472,3924
817472,4635
817478,1740
817478,2028
817479,213
817485,679
817491,637
817491,668
817493,667
817493,636
817504,884
817504,217
817504,115
817504,91
817507,94
817507,1125
817507,3762
817507,213
817524,180
817524,213
817524,824
817524,638
817535,554
817541,480
817541,347
817541,2666
817541,4401
817541,2010
817558,3412
817558,3547
817558,2884
817558,1151
817558,305
817558,3891
817558,1002
817567,115
817567,1139
817567,981
817567,799
817567,1025
817568,3405
817568,3404
817568,4632
817568,3924
817568,864
817568,3512
817570,2172
817578,3422
817600,213
817600,115
817600,1025
817605,396
817605,3890
817605,304
817605,2855
817605,255
817605,1759
817605,3416
817605,213
817611,213
817611,216
817611,226
817611,240
817611,30
817611,305
817611,3900
817616,3131
817621,647
817621,637
817623,636
817625,636
817626,2747
817626,568
817628,115
817628,1139
817628,981
817628,799
817628,1025
817629,1176
817629,1741
817684,884
817684,217
817684,212
817724,3421
817724,2275
817725,2276
817725,3415
817726,3421
817726,2275
817727,2276
817727,3415
817729,3134
817729,3132
817729,3514
817729,508
817729,317
817729,281
817729,403
817729,3256
817730,3134
817730,3132
817730,3514
817730,508
817730,317
817730,281
817730,403
817730,4706
817730,3256
817733,378
817733,3890
817734,469
817734,3132
817734,3514
817734,508
817734,317
817734,281
817734,403
817734,3256
817735,1215
817735,481
817741,2899
817741,51
817741,2274
817741,3415
817741,2828
817741,603
817741,1740
817767,2899
817767,55
817767,1945
817767,2274
817767,2304
817767,3415
817767,2828
817769,2855
817769,213
817772,3899
817772,604
817772,711
817772,3421
817772,2305
817772,2871
817791,2274
817791,3415
817791,2828
817791,603
817791,1740
817791,1330
817791,2815
817793,378
817793,864
817793,327
817793,2816
817793,546
817793,1741
817793,604
817793,711
817793,3421
817793,2305
817798,604
817798,711
817798,3420
817799,604
817799,711
817799,3420
817807,2594
817807,934
817840,378
817840,864
817840,327
817840,2816
817840,546
817840,1741
817840,604
817840,711
817840,3421
817840,2305
817844,3884
817844,3415
817844,2828
817844,603
817844,1900
817844,1740
817856,656
817856,657
817856,3891
817856,3139
817856,3924
817856,4635
817856,3405
817856,3404
817856,4632
817856,4635
817861,2884
817861,271
817861,2863
817861,3518
817861,3102
817861,509
817861,3526
817861,2953
817861,546
817861,1741
817861,604
817861,711
817861,3421
817861,2273
817861,2305
817861,1945
817861,2871
817867,864
817867,3890
817867,3518
817867,3106
817867,509
817867,2816
817867,545
817867,1782
817867,638
817874,26
817874,445
817874,3906
817874,319
817874,2855
817874,255
817910,864
817910,3890
817910,3518
817910,3106
817910,509
817910,3526
817910,2816
817910,545
817910,1782
817910,638
817912,271
817912,281
817913,864
817913,3890
817913,3518
817913,3106
817913,509
817913,3526
817913,2816
817913,545
817913,1782
817913,638
817915,94
817915,1125
817915,3762
817915,213
817915,216
817915,226
817915,240
817917,799
817917,94
817917,1125
817917,3762
817917,213
817917,216
817918,799
817918,94
817918,1125
817918,3762
817918,213
817922,212
817922,3547
817922,2884
817927,114
817927,788
817927,213
817927,216
817928,114
817928,788
817928,213
817928,216
817928,952
817928,1782
817929,114
817929,788
817929,213
817929,216
817929,952
817929,815
817929,1782
817935,26
817935,445
817935,3906
817935,319
817935,2855
817935,255
817936,255
817938,26
817938,3133
817938,3906
817938,319
817938,2855
817938,255
817956,1149
817963,518
817963,436
817963,3134
817964,526
817964,538
817966,526
817966,538
817966,3272
817968,526
817968,538
817969,553
817969,1742
817969,3517
817969,480
817969,2527
817970,2330
817970,2528
817970,481
817970,3526
817970,1743
817970,554
817971,3893
817971,481
817971,3526
817971,1743
817971,554
817972,553
817972,1742
817972,3517
817972,480
817972,3894
817973,2330
817973,2528
817973,481
817973,3526
817973,1743
817973,554
817974,2528
817974,481
817974,3526
817974,1743
817976,2528
817976,481
817976,3526
817976,1743
817976,1795
817976,554
817978,553
817978,1742
817978,3517
817978,480
817978,3894
817981,1742
817981,3517
817981,480
817981,3894
817988,553
817988,1742
817988,3517
817988,480
817988,3894
817989,3420
817989,2782
817989,4566
817989,4256
817989,2115
817990,4255
817990,2934
817990,2781
817990,3415
817992,4254
817992,4566
817992,3608
817992,3415
817992,2828
817992,603
817993,604
817993,711
817993,3422
817993,4523
817993,3641
817993,3027
817993,4659
817993,2254
817994,2255
817994,4660
817994,4566
817994,3608
817994,3415
817994,2828
817994,603
817995,616
817995,1248
817995,711
817995,3419
817995,2279
817995,4591
817995,3599
817995,3597
817995,3604
817995,3601
817995,3663
817995,1083
817996,1200
817996,3662
817996,3600
817996,3603
817996,3596
817996,3598
817996,4590
817996,3415
817996,2828
817996,1819
817997,616
817997,1248
817997,711
817997,3419
817997,2279
817997,4591
817997,3599
817997,3597
817997,3604
817997,3601
817997,4528
817997,3720
817998,3720
817998,4529
817998,3600
817998,3603
817998,3596
817998,3598
817998,4590
817998,3415
817998,2828
817998,1819
817999,616
817999,1248
817999,711
817999,3419
817999,2279
817999,4591
817999,3599
817999,3597
817999,3604
817999,1086
817999,3632
817999,3621
817999,1092
818000,3689
818000,3736
818000,1093
818000,4254
818000,3617
818000,3603
818000,3596
818000,3598
818000,4590
818000,3415
818000,2828
818000,1819
818001,3420
818001,2782
818001,4566
818001,4536
818001,2115
818002,4553
818002,2934
818002,2781
818002,3415
818003,604
818003,711
818003,3422
818003,4523
818003,4566
818004,604
818004,711
818004,3422
818004,4523
818004,3641
818004,4254
818005,604
818005,711
818005,3422
818005,4523
818005,3641
818005,3621
818006,4254
818006,4566
818006,3608
818006,3415
818006,2828
818006,603
818007,4254
818007,4566
818007,3608
818007,3415
818007,2828
818007,603
818008,4254
818008,4566
818008,3608
818008,3415
818008,2828
818008,603
818009,1093
818009,4254
818009,4566
818009,3608
818009,3415
818009,2828
818009,603
818010,1093
818010,4254
818010,4566
818010,3608
818010,3415
818010,2828
818010,603
818011,4566
818011,3608
818011,3415
818011,2828
818011,603
818013,604
818013,711
818013,3422
818013,4523
818013,3641
818013,3027
818013,4659
818013,2254
818017,2255
818017,4660
818017,4566
818017,3608
818017,3415
818017,2828
818017,603
818021,2255
818021,4660
818021,4566
818021,3608
818021,3415
818021,2828
818021,603
818022,2255
818022,4660
818022,4566
818022,3608
818022,3415
818022,2828
818022,603
818023,3689
818023,2255
818023,4660
818023,4566
818023,3608
818023,3415
818023,2828
818023,603
818026,616
818026,1248
818026,711
818026,3419
818026,2279
818026,4591
818026,3599
818026,3597
818026,3604
818026,3601
818026,3664
818026,3635
818026,1079
818027,616
818027,1248
818027,711
818027,3419
818027,2279
818027,4591
818027,3599
818027,3597
818027,3604
818027,3601
818027,3663
818027,1083
818029,616
818029,1248
818029,711
818029,3419
818029,2279
818029,4591
818029,3599
818029,3597
818029,3604
818029,3601
818029,3664
818029,3635
818031,1200
818031,3662
818031,3600
818031,3603
818031,3596
818031,3598
818031,4590
818031,3415
818031,2828
818031,1819
818032,1202
818032,3615
818032,3665
818032,3600
818032,3603
818032,3596
818032,3598
818032,4590
818032,3415
818032,2828
818032,707
818032,1819
818033,1202
818033,3615
818033,3665
818033,4529
818033,3600
818033,3603
818033,3596
818033,3598
818033,4590
818033,3415
818033,2828
818033,1819
818036,1200
818036,3662
818036,3600
818036,3616
818036,3603
818036,3596
818036,3598
818036,4590
818036,3415
818036,2828
818036,1819
818037,616
818037,1248
818037,711
818037,3419
818037,2279
818037,4591
818037,3599
818037,3597
818037,3604
818037,3616
818037,3601
818037,4528
818037,3720
818038,616
818038,1248
818038,711
818038,3419
818038,2279
818038,4591
818038,3599
818038,3597
818038,3604
818038,1086
818038,4555
818038,4554
818038,3601
818038,4528
818038,3720
818040,616
818040,1248
818040,711
818040,3419
818040,2279
818040,4591
818040,3599
818040,3597
818040,3604
818040,1086
818040,4555
818040,4554
818040,3601
818040,4528
818040,3720
818041,711
818041,3419
818041,2279
818041,4591
818041,3599
818041,3597
818041,3604
818041,3616
818041,3601
818041,4528
818041,3720
818043,3720
818043,4529
818043,3600
818043,3616
818043,3603
818043,3596
818043,3598
818043,4590
818043,3415
818043,2828
818043,1819
818045,3601
818045,4529
818045,3600
818045,3603
818045,3596
818045,3598
818045,4590
818045,3415
818045,2828
818045,1819
818046,616
818046,1248
818046,711
818046,3419
818046,2279
818046,4591
818046,3599
818046,3597
818046,3604
818046,3616
818046,1086
818046,3632
818046,3621
818046,1092
818047,616
818047,1248
818047,711
818047,3419
818047,2279
818047,4591
818047,3599
818047,3597
818047,3604
818047,1086
818051,616
818051,1248
818051,711
818051,3419
818051,2279
818051,4591
818051,3599
818051,3597
818051,3604
818051,1086
818051,4555
818051,3629
818052,616
818052,1248
818052,711
818052,3419
818052,2279
818052,4591
818052,3599
818052,3597
818052,3604
818052,1086
818052,4555
818052,3629
818053,616
818053,1248
818053,711
818053,3419
818053,2279
818053,4591
818053,3599
818053,3597
818053,3604
818053,1086
818053,3632
818053,4254
818054,616
818054,1248
818054,711
818054,3419
818054,2279
818054,4591
818054,3599
818054,3597
818054,3604
818054,1086
818054,3632
818054,4254
818056,711
818056,3419
818056,2279
818056,4591
818056,3599
818056,3597
818056,3604
818056,1086
818056,3632
818056,3621
818056,1092
818057,3628
818057,4554
818057,3617
818057,3603
818057,3596
818057,3598
818057,4590
818057,3415
818057,2828
818057,707
818057,1819
818059,1093
818059,4254
818059,3617
818059,3603
818059,3596
818059,3598
818059,4590
818059,3415
818059,2828
818059,1819
818060,3617
818060,3603
818060,3596
818060,3598
818060,4590
818060,3415
818060,2828
818060,1819
818061,4254
818061,3617
818061,3603
818061,3596
818061,3598
818061,4590
818061,3415
818061,2828
818061,1819
818062,576
818062,567
818062,2113
818062,4255
818062,4566
818082,604
818082,711
818082,3422
818082,4523
818082,3641
818082,3621
818085,2528
818085,2036
818085,353
818085,4284
818085,4286
818085,4291
818085,4301
818085,4276
818085,4275
818086,4288
818086,4300
818086,4754
818086,4285
818086,4283
818086,1217
818086,357
818086,2527
818087,334
818087,3812
818087,4400
818087,2665
818087,4280
818087,1934
818087,4278
818088,2884
818088,4634
818088,4465
818088,4746
818089,4747
818089,4429
818089,4479
818089,4633
818089,251
818092,2341
818092,375
818092,4413
818093,812
818093,3861
818093,4458
818093,4115
818093,4459
818093,4746
818093,4711
818094,812
818094,3861
818094,4458
818094,4115
818094,4481
818094,4678
818094,4461
818094,4746
818095,812
818095,3861
818095,4458
818095,4115
818095,4481
818095,4678
818095,4461
818095,4746
818095,4711
818096,4747
818096,4429
818096,4479
818096,4633
818097,4429
818097,4479
818097,4633
818097,251
818098,4429
818098,4479
818098,4633
818105,812
818105,3861
818105,4458
818105,4466
818105,4493
818106,4490
818106,4467
818106,4484
818106,4464
818106,4457
818106,3410
818107,4467
818107,4484
818107,4464
818107,4457
818107,3410
818392,3720
818392,4529
818392,3600
818392,3603
818392,3596
818392,3598
818392,4590
818392,3415
818392,2828
818393,4423
818393,3671
818393,3065
818393,1082
818466,1541
818466,1579
818466,1583
818477,1582
818477,1578
818477,1544
818477,1397
818480,1584
818480,1578
818480,1544
818480,1397
818484,1582
818484,1578
818484,1544
818484,1397
818505,1398
818505,2820
818505,1541
818505,1579
818505,1583
818553,546
818553,2882
818553,4771
818553,27
818554,26
818554,4770
818554,838
818554,1330
818555,2882
818555,4771
818555,27
818556,26
818556,4770
818556,838
818558,3899
818558,1819
818558,2815
818558,317
818558,281
818558,3934
818560,16
818560,198
818560,3547
818560,2884
818560,1151
818560,494
818560,3518
818560,3102
818560,509
818560,3526
818560,546
818560,613
818560,3895
818565,553
818565,1740
818565,1330
818565,3517
818565,508
818565,3103
818565,480
818565,2527
818566,2528
818566,481
818566,3103
818566,509
818566,3526
818566,546
818566,1743
818566,554
818567,3526
818567,546
818567,1248
818567,711
818567,3420
818571,3933
818571,2863
818571,316
818571,2816
818571,613
818571,3895
818581,4652
818581,1819
818581,1330
818581,3517
818581,508
818600,509
818600,3526
818600,546
818600,27
818602,26
818602,1330
818602,3517
818602,508
818603,26
818603,1330
818603,3517
818603,545
818603,543
818606,553
818606,1740
818606,1330
818606,3517
818606,508
818608,2528
818608,481
818608,3103
818608,509
818608,3526
818608,546
818608,1743
818608,554
818613,3415
818613,2828
818613,1819
818613,1330
818613,3517
818691,803
818691,1740
818695,1795
818695,556
818695,871
818696,596
818696,803
818696,555
818696,551
818696,1740
818697,1795
818697,556
818697,871
818697,1034
818697,1701
818697,595
818698,596
818698,1034
818698,1701
818698,803
818698,555
818698,551
818698,1740
818738,1629
818738,1746
818738,1420
818738,1533
818738,4684
818738,1679
818738,1502
818738,1572
818739,1573
818739,1501
818739,1387
818739,4685
818739,1534
818739,1419
818739,1747
818739,1628
818791,1573
818791,1501
818791,1387
818791,4685
818791,2817
818806,1541
818806,4684
818806,1679
818806,1502
818806,1572
818815,1398
818815,1541
818815,4684
818815,1679
818815,1502
818815,1572
818817,576
818817,2880
818817,565
818817,551
818817,607
818844,650
818844,656
818844,1330
818844,3517
818844,480
818845,638
818855,1759
818855,213
818858,187
818858,3221
818858,180
818858,262
818858,2884
818863,261
818863,179
818863,3800
818865,255
818865,261
818865,179
818865,3800
818928,1533
818928,4684
818928,1679
818928,1502
818928,1572
818961,3514
818961,508
818961,480
818961,347
818961,2666
818961,4389
818961,341
818961,2010
818961,4738
818964,1795
818964,556
818964,871
818964,595
818967,568
818968,1329
818968,665
818970,1740
818970,2028
818970,215
818976,3933
818976,2863
818976,316
818976,2816
818976,613
818976,3895
818977,604
818977,711
818977,3421
818977,2305
818977,2871
818987,242
818987,217
818987,212
818987,3547
818987,2884
818991,679
818991,212
818991,1306
818991,281
818991,1962
818991,3934
818991,3890
818991,480
818991,2527
818997,3412
818997,1306
818997,2863
818997,3900
818997,2527
818998,2528
818998,3901
818998,2855
818998,1174
818998,3416
818998,116
818999,1125
818999,788
818999,216
818999,240
818999,1330
818999,3517
818999,508
818999,3107
818999,3892
818999,1249
818999,3134
819000,788
819000,213
819000,216
819000,226
819000,240
819000,30
819000,305
819000,3900
819001,3901
819001,304
819001,2531
819001,884
819001,217
819001,2479
819004,217
819004,2479
819004,115
819005,114
819005,788
819005,213
819005,216
819012,1160
819012,824
819012,651
819012,656
819012,3517
819012,508
819012,3106
819012,3514
819012,3901
819013,3890
819013,3518
819013,3106
819013,509
819013,3526
819013,2816
819013,545
819013,1175
819013,650
819013,665
819014,637
819014,650
819014,656
819014,1330
819014,3517
819014,480
819015,3415
819015,2828
819015,1819
819015,1330
819015,3517
819016,604
819016,711
819016,3420
819017,3415
819017,2828
819017,603
819017,1900
819017,1740
819018,636
819018,818
819018,3517
819018,508
819018,3106
819018,3514
819018,396
819019,864
819019,3890
819019,3518
819019,3106
819019,509
819019,3526
819019,2816
819019,545
819019,1782
819019,638
819020,26
819020,3133
819020,3906
819020,319
819020,2855
819020,255
819021,636
819021,818
819021,3517
819021,508
819021,3106
819021,3514
819021,1000
819021,2342
819022,3891
819022,3139
819022,3924
819022,4635
819022,3405
819022,3404
819022,4632
819024,666
819024,255
819024,271
819024,281
819024,403
819024,378
819025,637
819025,1165
819025,668
819025,2172
819025,675
819025,1074
819026,3105
819026,509
819026,3526
819026,841
819026,804
819026,576
819026,567
819026,2747
819027,604
819027,711
819027,3422
819028,3895
819044,2172
819044,675
819055,2871
819059,666
819059,212
819059,255
819059,271
819059,2863
819066,211
819069,94
819069,1125
819069,3762
819069,213
819069,216
819070,94
819070,1125
819070,3762
819070,213
819070,226
819070,240
819071,94
819071,1125
819071,3762
819071,213
819072,115
819072,91
819072,3136
819075,16
819075,198
819075,3547
819075,2884
819075,1151
819075,494
819075,3518
819075,3102
819077,3514
819077,1154
819077,255
819077,1759
819077,15
819082,255
819084,242
819084,217
819084,212
819084,3547
819084,2884
819087,2899
819087,55
819087,1945
819087,2274
819087,2304
819087,3415
819087,2828
819087,603
819087,1740
819087,1330
819087,3517
819087,508
819088,2884
819088,271
819088,2863
819088,3518
819088,3102
819089,3421
819089,2273
819089,2305
819089,1945
819089,2871
819090,3514
819090,2855
819090,213
819092,1759
819092,116
819092,213
819093,378
819095,2342
819096,2815
819096,3891
819096,396
819096,2342
819097,2528
819097,481
819097,3891
819097,3933
819097,2855
819097,1174
819097,213
819098,2528
819098,481
819103,1215
819103,481
819105,480
819105,2035
819108,1215
819108,481
819109,1215
819109,481
819113,3900
819113,2527
819117,3892
819117,1249
819117,3134
819118,1125
819118,788
819118,216
819118,240
819118,1330
819118,3517
819118,508
819118,3107
819118,3892
819118,1249
819118,3134
819119,1125
819119,788
819119,216
819119,240
819119,1330
819119,3517
819119,508
819126,3405
819126,3404
819126,3924
819126,2342
819126,1963
819126,2855
819127,3901
819128,788
819129,3901
819129,304
819129,2531
819129,884
819129,217
819131,638
819131,700
819136,217
819136,2479
819136,115
819138,213
819138,216
819141,818
819141,242
819141,217
819141,2479
819141,115
819142,2479
819142,115
819145,1138
819145,3412
819145,211
819145,240
819147,26
819147,1330
819147,3517
819147,508
819147,3104
819147,3514
819147,545
819147,242
819147,212
819147,2579
819147,3416
819154,603
819154,2880
819158,603
819158,554
819160,2816
819160,952
819160,1782
819162,213
819163,3412
819163,3547
819163,2884
819163,1151
819163,305
819163,3891
819163,1002
819165,3901
819165,952
819165,1782
819165,638
819167,3901
819167,281
819169,3901
819169,952
819169,1782
819169,638
819169,4562
819171,1160
819171,824
819171,651
819171,656
819171,3517
819171,508
819172,3890
819172,3518
819172,3106
819172,509
819172,3526
819172,2816
819172,545
819172,1175
819172,650
819172,665
819173,650
819173,665
819174,1160
819174,824
819174,651
819178,3526
819178,546
819178,1248
819178,711
819178,3420
819179,3415
819179,2828
819182,604
819182,711
819182,3420
819183,3421
819186,3514
819186,396
819187,509
819187,3526
819187,2816
819187,545
819187,1782
819187,638
819188,864
819188,3901
819190,1151
819190,318
819190,3892
819190,27
819191,26
819191,445
819191,3906
819191,319
819194,255
819195,864
819195,3890
819195,3518
819195,3106
819196,3891
819196,3139
819196,3924
819196,4635
819197,1330
819198,3405
819198,3404
819198,4632
819198,3924
819198,864
819199,3405
819199,3404
819199,4632
819199,3924
819199,864
819201,638
819202,637
819202,666
819202,212
819202,195
819202,179
819203,637
819218,576
819218,567
819218,2747
819222,613
819222,3895
819226,4652
819226,1892
819226,603
819226,1900
819240,1897
819240,2032
819240,4250
819240,1614
819240,1565
819240,2817
819281,1541
819285,1573
819285,1501
819285,1387
819285,4685
819285,1534
819301,1582
819301,1578
819301,1544
819305,1587
819307,1541
819307,1579
819307,1583
819310,1587
819321,1680
819324,1496
819324,1604
819332,1496
819332,1604
819335,1584
819335,2033
819335,1628
819337,4685
819337,1534
819337,1418
819337,2031
819337,1495
819341,4685
819341,1534
819344,1418
819344,2031
819344,1897
819350,1897
819350,2034
819350,1417
819350,3521
819351,1897
819351,2034
819351,1417
819351,3521
819352,1897
819352,2034
819352,1417
819352,3521
819356,3522
819356,1418
819356,2031
819356,1495
819361,1573
819361,1501
819361,1387
819361,4685
819361,1552
819361,2817
819371,1748
819371,1547
819377,1748
819377,1547
819379,1548
819379,1749
819383,1398
819387,1680
819387,4250
819387,2817
819387,1496
819387,1604
819391,1629
819391,2034
819391,1417
819391,1533
819391,2817
819391,1496
819391,1604
819392,1603
819392,1497
819392,2818
819392,1534
819392,1418
819392,2033
819392,1628
819393,1542
819393,3523
819393,1418
819393,2031
819393,1897
819401,1396
819404,1542
819408,4684
819408,1679
819408,1502
819408,1572
819410,1680
819410,4250
819410,2817
819411,1603
819411,1497
819414,1680
819414,4250
819414,2817
819414,1496
819414,1604
819423,1541
819426,1629
819426,2034
819426,1417
819426,1533
819426,2817
819428,1542
819428,3523
819428,1418
819428,2031
819428,1495
819429,1376
819429,1542
819429,3523
819429,1418
819429,2031
819429,1897
819433,1582
819433,1578
819433,1544
819444,4685
819444,1544
819448,1548
819448,1749
819451,1868
819458,1573
819458,1501
819458,1387
819458,4685
819458,1544
819459,1397
819465,2943
819465,179
819466,180
819466,2944
819467,2943
819467,179
819467,4387
819467,4494
819468,4418
819468,4387
819468,180
819468,2944
819503,1584
819503,2033
819503,1472
819503,1749
819520,2818
819520,1534
819520,1459
819520,2031
819520,1495
819538,1582
819538,1578
819538,1544
819539,1542
819539,1579
819539,1583
819731,1398
819731,2820
819731,1541
819731,1579
819731,1583
819748,1603
819748,1497
819748,2818
819748,1459
819748,1396
819754,1398
819754,2820
819754,1541
819754,1579
819754,1585
819772,1582
819772,1578
819772,1544
819772,1410
819773,1582
819773,1578
819773,1544
819773,1410
819773,1375
819774,1542
819774,1579
819774,1585
819775,1584
819775,1578
819775,1544
819782,83
819782,2482
819782,73
819782,3467
819782,2839
819783,2838
819783,3476
819783,74
819783,1025
819784,83
819784,2482
819784,73
819784,3467
819784,2839
819784,3994
819785,2838
819785,3476
819785,74
819785,1025
819786,2838
819786,3476
819786,74
819786,1025
819787,2838
819787,3476
819787,74
819787,1025
819788,3995
819788,2838
819788,3476
819788,74
819788,1025
819789,3995
819789,2838
819789,3476
819789,74
819789,1025
819790,3995
819790,2838
819790,3476
819790,74
819790,1025
819792,74
819792,1025
819793,74
819793,1025
819794,74
819794,1025
819795,74
819795,1025
819798,4647
819798,639
819808,1746
819808,1470
819808,1420
819808,3521
819808,2820
819809,1497
819809,2818
819809,3523
819809,1419
819809,1471
819809,1749
819811,1409
819811,1542
819811,3523
819811,1548
819811,1749
819814,1746
819814,1470
819814,1420
819814,1533
819814,1553
819814,4684
819814,1679
819814,1502
819814,1572
819815,1573
819815,1501
819815,1387
819815,4685
819815,1534
819815,1419
819815,1471
819815,1749
819822,1573
819822,1501
819822,1387
819822,4685
819822,1552
819822,2817
819822,1531
819826,1746
819826,1470
819826,1420
819826,3521
819826,2820
819827,1746
819827,1470
819827,1420
819827,3521
819832,2818
819832,1553
819832,4684
819832,1679
819832,1502
819832,1572
819833,1533
819833,1553
819833,4684
819833,1679
819833,1502
819833,1572
819834,1533
819834,1553
819834,4684
819834,1679
819834,1502
819834,1572
819848,1746
819848,1470
819848,1420
819849,1746
819849,1470
819849,1420
819849,1533
819856,1586
819856,1868
819867,1573
819867,1501
819867,1387
819867,4685
819867,1544
819869,1541
819869,4684
819869,1679
819869,1502
819869,1572
819870,1541
819870,4684
819870,1679
819870,1502
819870,1572
819880,1587
819881,1409
819881,1542
819881,1579
819881,1583
819886,1531
819886,1542
819886,3523
819886,1418
819886,2031
819886,1495
819887,1532
819887,2818
819887,1553
819887,4684
819887,1679
819887,1502
819887,1572
819889,1573
819889,1501
819889,1387
819889,4685
819889,1552
819889,2817
819890,2820
819890,1553
819890,4684
819890,1679
819890,1502
819890,1572
819896,1897
819896,2034
819896,1417
819896,1533
819896,1553
819896,4684
819897,1897
819897,2034
819897,1417
819897,1533
819897,1553
819897,4684
819901,1533
819901,1553
819901,4684
819905,3522
819905,1419
819905,1747
819905,1628
819906,469
819906,3132
819906,3906
819906,3104
819906,3526
819906,4626
819906,547
819906,242
819906,217
819906,2479
819911,3526
819911,2816
819911,4570
819911,255
819915,481
819915,3526
819915,1175
819915,638
819921,3008
819921,891
819921,1138
819921,211
819921,240
819921,3105
819921,509
819921,3526
819921,546
819921,1743
819921,554
819921,2880
819923,26
819923,1330
819923,3517
819923,508
819923,3104
819923,3514
819923,242
819923,212
819923,2579
819923,3416
819923,1251
819923,2999
819924,547
819924,242
819924,255
819926,547
819926,242
819926,255
819926,261
819926,179
819926,3222
819927,187
819927,3221
819927,180
819927,262
819927,2884
819927,240
819927,546
819938,469
819938,3132
819938,3906
819938,3104
819938,3526
819938,547
819938,242
819938,217
819939,3906
819939,3104
819939,3526
819939,547
819939,242
819939,217
819939,2479
819940,3134
819940,3132
819940,3906
819940,509
819940,3526
819940,547
819942,3134
819942,3132
819942,3906
819942,3104
819942,3526
819942,547
819942,242
819942,217
819942,2479
819965,637
819965,656
819965,242
819965,255
819966,656
819966,242
819966,255
819972,3514
819972,3526
819972,2816
819972,4570
819972,255
819987,481
819987,3526
819987,547
819987,1175
819987,638
819989,481
819989,3526
819989,547
819989,1175
819990,3405
819990,3404
819990,4632
819990,3924
819990,864
819990,3526
819995,666
819995,212
819995,255
819995,271
820011,509
820011,3526
820012,3008
820012,891
820012,1138
820012,211
820012,240
820012,3518
820016,3008
820016,891
820016,1138
820016,3412
820016,211
820016,240
820016,3518
820017,3514
820017,545
820017,242
820017,212
820017,2579
820017,3416
820017,1251
820017,2999
820018,509
820018,3526
820018,547
820044,636
820044,818
820044,242
820044,255
820044,271
820049,281
820049,403
820049,378
820052,3884
820052,3415
820052,2828
820053,711
820053,3422
820054,603
820054,1900
820054,1740
820056,242
820056,255
820056,271
820056,281
820056,3782
820056,378
820057,2342
820057,3781
820057,2861
820057,1149
820057,4681
820063,242
820063,255
820063,271
820063,281
820063,3782
820063,378
820063,1153
820064,1153
820064,2342
820064,3781
820064,2861
820064,1149
820064,4681
820066,242
820066,255
820066,271
820066,281
820066,378
820066,1153
820067,242
820067,255
820067,271
820067,281
820067,378
820069,242
820069,255
820069,261
820069,179
820069,3800
820070,3799
820070,3802
820070,180
820070,262
820070,2884
820071,255
820071,261
820071,179
820071,3800
820072,242
820072,255
820072,261
820072,179
820072,3800
820073,242
820073,255
820073,261
820073,2492
820073,3800
820076,3799
820076,3802
820076,2869
820076,262
820076,2884
820077,1160
820077,639
820077,3899
820077,1892
820077,604
820077,934
820077,568
820079,1892
820079,603
820079,576
820079,567
820079,2747
820080,1819
820081,2747
820081,582
820081,568
820081,575
820081,1740
820081,874
820081,613
820082,803
820082,1740
820082,613
820084,1819
820086,1160
820086,639
820086,3899
820086,1892
820086,604
820086,934
820086,567
820086,2747
820087,2747
820087,568
820087,1189
820087,935
820087,613
820087,4652
820087,637
820087,644
820087,1329
820087,665
820088,1160
820088,639
820088,3899
820088,1892
820088,604
820088,568
820088,1034
820088,1701
820089,1160
820089,639
820089,3899
820089,1892
820089,604
820089,934
820089,1034
820089,1701
820089,567
820089,2747
820090,1160
820090,639
820090,3899
820090,1892
820090,604
820090,2117
820090,568
820091,1160
820091,639
820091,3899
820091,1892
820091,604
820091,934
820091,2117
820091,567
820091,2747
820092,1034
820092,1701
820092,568
820092,1189
820092,935
820092,613
820092,4652
820092,637
820092,644
820092,1329
820092,665
820093,2747
820093,568
820093,2117
820093,935
820093,613
820093,4652
820093,637
820093,644
820093,1329
820093,665
820094,2747
820094,1034
820094,1701
820094,2117
820094,935
820094,613
820094,4652
820094,637
820094,644
820094,1329
820094,665
820095,568
820095,2117
820095,935
820095,613
820095,4652
820095,637
820095,644
820095,1329
820095,665
820096,639
820096,3899
820096,1892
820096,604
820096,934
820096,2747
820097,568
820097,1189
820097,935
820097,613
820097,4652
820097,637
820097,644
820098,2747
820098,568
820098,1189
820098,935
820098,613
820098,4652
820098,637
820098,644
820099,2274
820099,3415
820099,2828
820099,1819
820099,1289
820099,2028
820099,884
820099,217
820099,212
820100,213
820100,216
820100,228
820100,1176
820100,1178
820100,1248
820100,711
820100,3421
820100,2305
820100,728
820101,2274
820101,3415
820101,2828
820101,613
820102,213
820102,1176
820102,613
820103,656
820103,1176
820103,1178
820103,1248
820103,711
820103,3421
820103,2305
820103,728
820104,1248
820104,711
820104,3421
820104,2305
820104,728
820105,1742
820105,547
820105,242
820105,255
820106,4681
820106,240
820106,546
820106,1741
820109,568
820109,1189
820109,935
820109,613
820109,4652
820109,637
820109,644
820109,1329
820109,665
820110,637
820110,666
820110,212
820110,195
820110,179
820111,195
820111,179
820112,638
820112,4646
820117,596
820117,803
820117,1740
820117,613
820121,4690
820123,1125
820123,114
820123,211
820124,4652
820124,637
820124,668
820124,2172
820125,639
820125,3899
820128,4652
820128,637
820128,666
820128,212
820128,255
820128,271
820128,2863
820130,647
820130,639
820130,3899
820130,1248
820130,711
820130,3421
820130,2305
820131,2274
820131,3415
820131,2828
820131,613
820131,4652
820131,638
820131,700
820136,1125
820136,114
820136,211
820136,240
820137,1125
820137,114
820137,213
820138,242
820138,213
820138,115
820138,1025
820139,115
820139,1025
820141,2880
820141,553
820141,804
820141,637
820143,1819
820143,1330
820143,3517
820144,1819
820144,1330
820146,1248
820146,711
820146,3420
820147,3526
820147,546
820147,613
820148,3415
820148,2828
820148,613
820150,509
820150,3526
820150,546
820150,613
820150,637
820152,546
820152,613
820152,637
820155,604
820155,711
820155,3420
820156,604
820156,711
820156,3420
820157,604
820157,711
820157,3420
820158,3415
820158,2828
820158,602
820158,613
820159,602
820160,603
820160,1900
820160,1740
820161,2899
820161,55
820161,2274
820161,2304
820161,3415
820161,2828
820161,626
820162,509
820162,3526
820162,2953
820162,546
820162,1741
820163,613
820167,4652
820167,637
820168,639
820168,3899
820169,3895
820170,3933
820170,2863
820170,316
820170,2816
820170,613
820170,4652
820171,4652
820172,3895
820173,3899
820173,1819
820173,2815
820173,317
820173,281
820173,3934
820174,3884
820174,3415
820174,2828
820175,711
820175,3422
820176,603
820176,1900
820176,1740
820177,602
820178,613
820180,2274
820180,3415
820180,2828
820181,1188
820181,711
820181,3421
820181,2305
820182,1188
820182,711
820182,3421
820182,2305
820183,4628
820186,639
820186,3899
820187,4652
820190,2899
820190,51
820190,2274
820190,3415
820190,2828
820191,603
820191,1740
820192,604
820192,711
820192,3421
820192,2305
820192,2871
820193,613
820194,3895
820195,3895
820195,3144
820196,1892
820196,603
820196,1900
820198,4652
820199,4652
820200,4652
820200,637
820200,666
820200,212
820200,255
820200,271
820203,639
820203,3895
820204,4652
820204,637
820205,2274
820205,3415
820205,2828
820205,613
820205,4652
820205,638
820206,639
820206,3899
820206,1248
820206,711
820206,3421
820206,2305
820212,1125
820212,114
820213,3526
820213,546
820213,613
820213,637
820218,1584
820218,2033
820218,1628
820225,2820
820225,1531
820233,1551
820233,4684
820246,1586
820252,2818
820252,3523
820252,1419
820252,1471
820252,1749
820263,1398
820273,1531
820274,1531
820274,1542
820274,3523
820274,1418
820274,2031
820274,1897
820310,1215
820310,481
820310,3104
820310,509
820310,3526
820310,255
820310,3801
820311,4652
820311,1819
820311,1330
820311,3517
820311,508
820311,3102
820311,3514
820311,1154
820311,255
820311,1759
820311,15
820312,3008
820312,891
820312,1138
820312,3412
820312,211
820312,240
820312,3518
820312,3104
820312,509
820312,3526
820312,546
820312,27
820313,2880
820313,553
820313,1740
820313,1330
820313,3517
820313,508
820313,3105
820313,3514
820313,545
820313,242
820313,212
820313,129
820313,1251
820314,2274
820314,3415
820314,2828
820314,603
820314,1740
820314,1330
820314,2815
820314,3891
820314,2342
820316,637
820316,656
820316,242
820316,255
820317,213
820317,115
820317,1025
820318,94
820318,1125
820318,3762
820318,213
820318,216
820319,2747
820319,575
820319,1330
820319,3517
820319,3105
820322,4652
820322,636
820322,818
820322,242
820322,255
820322,271
820323,213
820323,214
820323,1176
820323,1741
820324,788
820324,3412
820324,3547
820324,2884
820324,1151
820324,305
820324,3891
820324,1002
820325,1151
820325,305
820325,3891
820326,1151
820326,305
820326,3891
820331,509
820331,3526
820331,546
820331,613
820331,3895
820332,4652
820332,637
820334,3008
820334,891
820334,1138
820334,3412
820334,211
820334,240
820334,3518
820336,2528
820336,481
820336,509
820336,3526
820336,547
820338,2880
820338,553
820338,1740
820338,1330
820338,3517
820338,508
820342,304
820342,2531
820342,884
820342,217
820343,3901
820344,637
820345,2274
820345,3415
820345,2828
820345,603
820345,1740
820345,1330
820345,2815
820346,603
820346,1740
820346,1330
820346,2815
820346,3891
820346,396
820346,2342
820348,242
820348,217
820348,212
820348,3547
820348,2884
820349,636
820349,818
820349,3517
820349,508
820349,3106
820349,3514
820351,1230
820351,3421
820351,613
820351,637
820352,2899
820352,3422
820355,637
820357,1249
820357,3134
820359,2899
820359,55
820359,1945
820359,2274
820359,2304
820359,3415
820359,2828
820359,603
820359,1740
820359,1330
820359,3517
820359,508
820360,1759
820360,116
820360,788
820360,213
820361,187
820361,3221
820361,180
820361,262
820361,2884
820361,240
820362,255
820362,261
820362,179
820362,3222
820366,3892
820366,27
820368,656
820368,657
820368,3891
820368,3139
820368,3924
820368,4635
820369,3105
820369,509
820369,3526
820369,547
820370,2172
820370,675
820370,678
820373,935
820373,611
820375,3405
820375,3404
820375,3924
820375,2342
820375,1963
820375,2855
820377,666
820377,212
820377,255
820377,271
820378,666
820378,212
820378,255
820378,271
820378,2863
820379,4652
820383,242
820383,255
820383,271
820383,281
820383,3782
820383,378
820422,1398
820422,3522
820422,1418
820422,2033
820422,1628
820433,1407
820433,1532
820434,2820
820434,1531
820435,1531
820443,378
820443,3890
820443,480
820443,4138
820443,3134
820444,3134
820444,4122
820444,481
820444,3891
820444,2341
820445,378
820445,3890
820445,480
820445,4138
820445,3134
820446,3134
820446,4122
820446,481
820446,3891
820446,2341
820447,3134
820447,4122
820447,481
820447,3891
820447,2342
820448,3134
820457,378
820457,3890
820457,480
820457,4138
820457,3134
820463,4681
820463,4571
820463,3517
820464,2816
820464,952
820464,1782
820464,1313
820464,1742
820464,3517
820465,3802
820465,4681
820465,3517
820465,508
820465,3103
820465,480
820465,2035
820466,4681
820466,1151
820466,318
820466,3892
820466,27
820467,251
820467,1759
820467,216
820467,240
820468,4681
820468,1151
820468,318
820468,3892
820468,1249
820468,27
820469,2899
820469,55
820469,1945
820469,2274
820469,2304
820469,3415
820469,2828
820469,603
820469,1740
820469,1330
820469,3517
820469,508
820469,3102
820469,3514
820469,2861
820469,1149
820469,251
820470,4681
820470,240
820470,546
820471,636
820471,818
820471,494
820471,3900
820472,1230
820472,3415
820472,2828
820472,1819
820472,1330
820472,3517
820472,508
820472,3107
820472,3514
820472,2816
820472,1154
820472,281
820473,1151
820473,494
820473,2815
820473,3518
820473,3102
820473,509
820473,3526
820473,841
820473,1248
820473,711
820473,3422
820474,642
820474,636
820474,1176
820474,4517
820474,1741
820474,1901
820474,604
820474,605
820474,711
820474,3421
820475,3415
820475,2828
820475,606
820475,603
820475,1900
820475,1740
820475,1289
820475,2029
820475,637
820475,668
820475,2172
820475,675
820476,4681
820476,240
820476,1175
820476,636
820477,977
820477,4788
820477,818
820477,4381
820478,1149
820478,4681
820478,240
820478,1782
820478,639
820478,3899
820479,509
820479,3526
820479,2953
820479,841
820479,1248
820479,2594
820479,934
820480,935
820480,611
820480,1819
820480,1017
820480,1330
820480,3517
820480,508
820480,3102
820481,509
820481,3526
820481,841
820481,2029
820481,637
820481,3833
820482,1312
820482,1017
820482,3517
820482,508
820482,3102
820483,284
820483,2861
820483,1149
820483,1865
820483,4681
820483,213
820483,824
820483,639
820483,3895
820484,2342
820484,1963
820484,3182
820484,2861
820484,1149
820484,4681
820484,213
820484,824
820486,4681
820486,4571
820486,3517
820486,3518
820487,4681
820488,1313
820488,1742
820488,3517
820488,3573
820489,3802
820489,4681
820489,3517
820489,508
820489,3103
820489,480
820489,2035
820490,3802
820490,4681
820490,3517
820490,508
820490,3103
820490,480
820490,2035
820492,3802
820492,4681
820492,3517
820492,508
820497,4681
820498,251
820498,1759
820498,213
820498,216
820498,240
820499,251
820499,1759
820499,213
820499,216
820499,240
820501,818
820501,241
820502,251
820502,1759
820503,4681
820504,1149
820504,251
820505,2861
820505,4706
820505,1149
820505,251
820506,4681
820506,240
820506,546
820506,4627
820506,3517
820507,4681
820507,240
820507,546
820507,4627
820507,3517
820508,4681
820509,636
820509,818
820509,241
820509,494
820509,3900
820510,1230
820510,3415
820510,2828
820510,1819
820510,1330
820510,3517
820510,508
820510,3107
820510,3514
820510,2816
820510,1154
820510,281
820511,1230
820511,3415
820511,2828
820511,1819
820511,1330
820511,3517
820511,508
820512,642
820512,636
820512,1176
820512,1741
820512,1901
820512,604
820512,605
820512,711
820512,3421
820513,642
820513,636
820513,1176
820514,3415
820514,2828
820514,606
820514,603
820514,1900
820514,1740
820514,1289
820514,2029
820514,637
820514,668
820515,642
820515,636
820515,1176
820515,1741
820515,1901
820515,604
820515,605
820515,711
820515,3421
820516,4681
820516,240
820516,1175
820516,1165
820517,977
820517,4788
820517,818
820517,4381
820518,4788
820518,818
820518,4381
820519,977
820519,4788
820519,1871
820519,1782
820520,494
820521,1149
820521,4681
820521,240
820521,1782
820522,509
820522,3526
820522,841
820522,2029
820522,637
820523,1312
820523,1017
820523,3517
820523,508
820523,3102
820524,284
820524,2861
820524,1149
820524,1865
820524,4681
820524,213
820524,824
820524,639
820526,1149
820526,4681
820526,213
820526,824
820526,639
820526,3895
820527,284
820527,2861
820527,1149
820527,4681
820527,213
820527,824
820529,2342
820529,1963
820529,3182
820529,2861
820529,1149
820529,4681
820529,213
820529,824
820530,2342
820530,1963
820530,3182
820530,2861
820530,1149
820530,4681
820530,213
820530,824
820530,4562
820533,1751
820533,2032
820533,1585
820533,1868
820534,1680
820534,1584
820534,2033
820534,1750
820535,1548
820535,1420
820535,1533
820535,1553
820535,4684
820535,1679
820535,1502
820535,1572
820536,1573
820536,1501
820536,1387
820536,4685
820536,1534
820536,1419
820536,1547
820536,2536
820537,1542
820537,3523
820537,1419
820537,1547
820537,2536
820538,1548
820538,1420
820538,3521
820538,2820
820538,1541
820539,1582
820539,2033
820539,1748
820539,1547
820539,3524
820539,2820
820539,1531
820540,1532
820540,2818
820540,3523
820540,1491
820540,1548
820540,1747
820540,1709
820540,2032
820540,1583
820541,1407
820541,1532
820541,2818
820541,1553
820541,4684
820541,1679
820541,1502
820541,1572
820542,1680
820542,1584
820542,2034
820542,1417
820542,3521
820542,1397
820543,1398
820543,3522
820543,1418
820543,2032
820543,1585
820543,1868
820544,1573
820544,1501
820544,1387
820544,4685
820544,1544
820544,1397
820545,1751
820545,2032
820545,1585
820545,1807
820546,1680
820546,1584
820546,2033
820546,1750
820547,1573
820547,1501
820547,1387
820547,4685
820547,1534
820547,1419
820547,1547
820547,2536
820548,1573
820548,1501
820548,1387
820548,4685
820548,1534
820548,1419
820548,1547
820549,1573
820549,1501
820549,1387
820549,4685
820549,1534
820549,1418
820549,2032
820549,1585
820550,1548
820550,1420
820550,1533
820551,1548
820551,1420
820551,2348
820552,1548
820552,1420
820553,1419
820553,1547
820553,2536
820554,1548
820554,1420
820554,1533
820554,1553
820554,4684
820554,1679
820554,1502
820554,1572
820555,1419
820555,1547
820555,2536
820556,1584
820556,2034
820556,1417
820556,1533
820556,1553
820556,4684
820556,1679
820556,1502
820556,1572
820557,1584
820557,4250
820557,1419
820557,1547
820557,2536
820558,1409
820558,1542
820559,1542
820559,1579
820559,1585
820560,1751
820560,2032
820560,1585
820561,1531
820561,1409
820561,1542
820561,3523
820561,1548
820561,1749
820562,1584
820562,2033
820562,1750
820563,1548
820563,1420
820563,3521
820564,1548
820564,1420
820564,3521
820565,1548
820565,1471
820565,2032
820565,1585
820566,1584
820566,4250
820566,1419
820566,1547
820566,2536
820567,3522
820567,1419
820567,1547
820567,2536
820568,3523
820568,1419
820568,1547
820568,2536
820569,1746
820569,1473
820569,2032
820569,1585
820570,1573
820570,1501
820570,1387
820570,4685
820570,1534
820570,1459
820570,1396
820571,1584
820571,2034
820571,1417
820571,1533
820571,1553
820571,4684
820571,1679
820571,1502
820571,1572
820572,1582
820572,1578
820572,1544
820573,1586
820574,1746
820574,1473
820574,2032
820574,1585
820575,1584
820575,1472
820575,1749
820576,1897
820576,2032
820577,1584
820577,2031
820577,1495
820578,1398
820578,3522
820578,1418
820578,2032
820578,1585
820579,1629
820579,2032
820579,1585
820580,1629
820580,2034
820580,1417
820580,3521
820580,1397
820581,1629
820581,2032
820581,1585
820582,1603
820582,1497
820582,2818
820582,1534
820582,1418
820582,2032
820582,1585
820583,1629
820583,1746
820583,1420
820583,3521
820584,1582
820584,2033
820584,1748
820584,1547
820584,3524
820584,2820
820584,1531
820584,1408
820585,1407
820585,1532
820585,2818
820585,3523
820585,1491
820585,1548
820585,1747
820585,1709
820585,2032
820585,1583
820586,1532
820586,2818
820586,3523
820586,1491
820586,1548
820586,1747
820586,1709
820586,2032
820586,1583
820587,1586
820588,1582
820588,2033
820588,1748
820588,1547
820588,3524
820588,2820
820589,1532
820589,2818
820589,3523
820589,1491
820589,1548
820589,1747
820589,1709
820589,2032
820589,1585
820590,1407
820590,1532
820590,2818
820590,3523
820590,1491
820590,1548
820590,1747
820590,1709
820590,2032
820590,1585
820591,1584
820591,2033
820591,1748
820591,1547
820591,3524
820591,2820
820591,1531
820592,1587
820593,3522
820593,1491
820593,1548
820593,1747
820593,1709
820593,2032
820593,1583
820594,2818
820594,3523
820594,1491
820594,1548
820594,1747
820594,1709
820594,2032
820594,1583
820595,1897
820595,2032
820595,1585
820595,1807
820596,3523
820596,1418
820596,2031
820596,1897
820597,3523
820597,1418
820597,2031
820597,1495
820598,1407
820598,1532
820598,2818
820599,2818
820599,1553
820599,4684
820599,1679
820599,1502
820599,1572
820600,1680
820600,1584
820600,2034
820600,1417
820600,3521
820600,1397
820601,1680
820601,1584
820601,2034
820601,1417
820601,3521
820601,1397
820602,1680
820603,1398
820603,3522
820603,1418
820603,2032
820603,1585
820603,1868
820604,1680
820604,1584
820604,2034
820604,1417
820604,3521
820604,1397
820605,1751
820605,2032
820605,1585
820606,1584
820606,2033
820606,1470
820606,1547
820607,1584
820607,2033
820607,1750
820608,1897
820608,2034
820608,1417
820609,1897
820609,2032
820609,1585
820610,4685
820610,1534
820610,1459
820611,1584
820611,2031
820611,1897
820612,1584
820612,2034
820612,1417
820612,1533
820612,1553
820612,4684
820613,1751
820613,2032
820613,1585
820613,1868
820614,1746
820614,1473
820614,2032
820614,1585
820615,1584
820615,2031
820615,1897
820616,1573
820616,1501
820616,1387
820616,4685
820616,1544
820616,1397
820617,2342
820617,3781
820617,2861
820617,1149
820617,4681
820618,2861
820618,1149
820618,4681
820620,1153
820620,2342
820620,2861
820620,1149
820620,4681
820621,1153
820621,2342
820621,3781
820621,2861
820621,1149
820621,4681
