variant_id,is_main,equiv_main_variant_id,join_stop_id,disjoin_stop_id
804234,0,,,
805095,0,,,
805419,0,,,
805422,0,,,
805440,0,,,
805507,0,,,
805593,0,812507,,
805671,0,,,
805675,0,,,
805676,0,,,
806431,1,,,
806432,1,,,
806456,0,,,
806466,1,,,
806537,0,,,
806820,0,,,
809307,0,,,
809315,0,812507,,
809416,0,,,
809456,0,812507,,
809478,0,812507,,
809480,0,812507,,
809492,0,,,
809494,0,812507,,
809723,0,,,
809829,0,,,
809873,1,,,
809910,1,,,
809911,1,,,
809920,0,,,
810129,1,,,
810135,1,,,
810164,0,,,
810473,0,,,
810529,0,,,
810558,0,,,
811372,0,,,
811826,0,,,
811827,0,,,
811856,0,812507,,
812277,1,,,
812278,1,,,
812279,0,812507,,
812280,0,,,
812281,0,812507,,
812322,0,,,
812323,0,,,
812324,0,,,
812325,0,,,
812502,1,,,
812503,1,,,
812504,1,,,
812505,1,,,
812507,1,,,
812508,1,,,
812512,0,,,
812513,0,,,
812516,0,,,
812517,0,,,
812518,0,,,
812530,0,,,
812531,0,,,
812532,0,,,
812540,0,,,
812541,0,,,
812556,0,,,
812782,1,,,
812783,1,,,
812785,0,,,
812788,0,,,
813096,0,812507,,
813110,0,,,
813213,0,812507,,
813249,0,,,
813374,0,,,
813401,0,812507,,
813421,0,,,
813987,1,,,
813988,1,,,
813989,1,,,
813990,1,,,
813991,1,,,
813992,1,,,
813993,0,,,
813995,0,,,
813996,0,,,
813997,0,,,
813998,0,,,
813999,0,,,
814000,0,,,
814001,0,,,
814002,0,,,
814003,0,,,
814004,0,,,
814005,0,,,
814006,0,,,
814008,0,,,
814009,0,,,
814010,0,,,
814011,0,,,
814012,0,,,
814056,0,,,
814092,0,,,
814576,1,,,
814599,1,,,
814603,0,,,
814604,0,,,
814617,1,,,
814618,1,,,
814630,0,,,
814631,0,,,
814632,0,,,
814681,0,,,
814688,0,812507,,
814692,0,812507,,
814776,1,,,
814777,0,812507,,
814888,1,,,
815232,1,,,
815233,0,,,
815234,1,,,
815235,1,,,
815444,1,,,
815449,0,,,
815450,0,,,
815522,0,,,
815538,0,,,
815544,0,,,
815553,1,,,
815554,1,,,
815610,0,,,
815612,0,,,
815613,0,,,
815614,0,,,
815688,1,,,
815689,0,,,
815690,0,,,
815694,0,,,
815695,0,,,
815696,0,,,
815697,0,,,
815848,0,,,
815900,0,,,
815922,1,,,
815923,1,,,
815995,0,,,
815999,0,,,
816001,0,,,
816002,0,,,
816003,0,,,
816004,0,,,
816005,0,,,
816006,0,,,
816007,0,,,
816008,0,,,
816009,0,,,
816010,0,,,
816011,0,,,
816012,0,,,
816013,0,,,
816014,0,,,
816015,0,,,
816016,0,,,
816141,1,,,
816153,1,,,
816154,1,,,
816155,0,,,
816156,0,,,
816193,1,,,
816204,1,,,
816231,0,,,
816232,0,812507,,
816242,0,,,
816243,0,,,
816284,0,,,
816285,0,,,
816291,0,,,
816301,0,,,
816314,0,,,
816339,0,,,
816340,0,812507,,
816351,0,,,
816352,0,812507,,
816353,0,812507,,
816354,0,,,
816359,0,,,
816367,0,,,
816368,0,,,
816369,0,,,
816380,0,812507,,
816383,0,,,
816393,0,,,
816399,1,,,
816404,0,,,
816405,0,,,
816414,0,,,
816415,0,,,
816421,0,,,
816422,0,,,
816431,0,,,
816433,1,,,
816434,1,,,
816435,1,,,
816436,0,,,
816437,0,,,
816438,0,,,
816439,0,,,
816467,0,812507,,
816468,1,,,
816469,1,,,
816489,1,,,
816490,1,,,
816493,0,,,
816494,0,,,
816495,0,,,
816498,0,,,
816506,0,,,
816511,0,,,
816512,0,,,
816650,0,,,
816653,1,,,
816666,1,,,
816667,1,,,
816669,1,,,
816670,1,,,
816672,1,,,
816673,1,,,
816674,0,,,
816675,0,,,
816682,0,,,
816688,1,,,
816689,1,,,
816690,0,,,
816692,0,,,
816694,0,,,
816739,0,812507,,
816740,0,,,
816752,0,812507,,
816753,0,812507,,
816755,1,,,
816763,1,,,
816779,0,812507,,
816825,0,812507,,
816838,0,,,
816975,0,,,
816980,0,,,
816981,0,,,
816983,0,,,
816984,0,812507,,
817004,0,,,
817034,0,812507,,
817054,1,,,
817055,0,,,
817057,0,,,
817078,0,,,
817079,0,,,
817080,0,,,
817081,0,,,
817082,0,,,
817083,0,,,
817085,0,,,
817086,0,,,
817103,1,,,
817104,0,,,
817146,0,,,
817147,0,812507,,
817148,0,812507,,
817149,0,,,
817180,0,,,
817187,0,,,
817203,0,,,
817205,0,812507,,
817225,1,,,
817250,1,,,
817291,0,,,
817362,1,,,
817367,1,,,
817382,1,,,
817383,1,812507,,
817388,1,,,
817396,1,,,
817402,1,,,
817408,0,,,
817409,0,812507,,
817410,0,,,
817412,0,,,
817417,0,,,
817432,0,,,
817437,0,,,
817447,0,,,
817448,0,,,
817449,0,,,
817450,0,,,
817466,0,,,
817472,0,,,
817473,0,812507,,
817478,0,,,
817479,0,812507,,
817485,0,812507,,
817491,0,,,
817492,0,,,
817493,0,812507,,
817504,0,,,
817507,0,812507,,
817524,0,812507,,
817535,0,,,
817541,1,,,
817558,1,,,
817567,1,,,
817568,1,,,
817570,0,,,
817578,0,,,
817587,0,812507,,
817600,0,,,
817605,0,,,
817611,0,,,
817614,0,,,
817616,0,812507,,
817621,0,,,
817623,0,812507,,
817625,0,,,
817626,0,,,
817628,0,,,
817629,0,812507,,
817684,0,,,
817724,1,,,
817725,1,,,
817726,0,,,
817727,0,,,
817729,1,,,
817730,0,,,
817733,0,,,
817734,0,,,
817735,0,,,
817741,1,,,
817767,0,,,
817769,0,,,
817772,0,,,
817791,0,,,
817793,0,,,
817798,0,,,
817799,0,,,
817807,0,,,
817840,1,,,
817844,1,,,
817856,0,,,
817861,1,,,
817867,1,,,
817874,1,,,
817910,0,812507,,
817912,0,,,
817913,0,812507,,
817915,0,812507,,
817917,0,,,
817918,0,,,
817922,0,,,
817927,0,,,
817928,0,812507,,
817929,0,,,
817935,0,,,
817936,0,,,
817938,0,,,
817956,0,,,
817963,1,,,
817964,1,,,
817966,0,,,
817968,0,,,
817969,1,,,
817970,1,,,
817971,1,,,
817972,1,,,
817973,0,,,
817974,0,,,
817976,0,,,
817978,0,,,
817981,0,,,
817988,1,,,
817989,1,,,
817990,1,,,
817992,1,,,
817993,1,,,
817994,1,,,
817995,1,,,
817996,1,,,
817997,1,,,
817998,1,,,
817999,1,,,
818000,1,,,
818001,0,,,
818002,0,,,
818003,0,,,
818004,0,,,
818005,0,,,
818006,0,,,
818007,0,,,
818008,0,,,
818009,0,,,
818010,0,,,
818011,0,,,
818013,0,,,
818017,0,,,
818021,0,,,
818022,0,,,
818023,0,,,
818026,0,,,
818027,0,,,
818029,0,,,
818031,0,,,
818032,0,,,
818033,0,,,
818036,0,,,
818037,0,,,
818038,0,,,
818040,0,,,
818041,0,,,
818043,0,,,
818045,0,,,
818046,0,,,
818047,0,,,
818051,0,,,
818052,0,,,
818053,0,,,
818054,0,,,
818056,0,,,
818057,0,,,
818059,0,,,
818060,0,,,
818061,0,,,
818062,0,,,
818082,1,,,
818085,1,,,
818086,1,,,
818087,0,,,
818088,1,,,
818089,1,,,
818092,1,,,
818093,0,,,
818094,0,,,
818095,0,,,
818096,0,,,
818097,0,,,
818098,0,,,
818105,0,,,
818106,0,,,
818107,0,,,
818392,0,,,
818393,0,,,
818466,0,812507,,
818477,0,,,
818480,0,,,
818484,1,,,
818505,0,812507,,
818553,1,,,
818554,1,,,
818555,0,,,
818556,0,,,
818558,1,,,
818560,1,,,
818565,1,,,
818566,1,,,
818567,1,,,
818571,0,,,
818581,0,,,
818600,0,,,
818602,0,,,
818603,0,812507,,
818606,0,,,
818608,0,,,
818613,0,,,
818691,1,,,
818695,0,,,
818696,0,,,
818697,0,,,
818698,0,,,
818738,1,,,
818739,1,,,
818791,0,812507,,
818806,0,812507,,
818815,1,,,
818817,1,,,
818844,0,,,
818845,0,812507,,
818855,0,812507,,
818858,0,812507,,
818863,0,,,
818865,0,,,
818928,0,,,
818961,1,,,
818964,1,,,
818967,0,,,
818968,0,812507,,
818970,1,,,
818976,1,,,
818977,1,,,
818987,1,,,
818991,1,,,
818997,1,,,
818998,1,,,
818999,1,,,
819000,1,,,
819001,1,,,
819004,1,,,
819005,1,,,
819012,1,,,
819013,1,,,
819014,1,,,
819015,1,,,
819016,1,,,
819017,1,,,
819018,1,,,
819019,1,,,
819020,1,,,
819021,1,,,
819022,1,,,
819024,1,,,
819025,1,,,
819026,1,,,
819027,1,,,
819028,0,,,
819030,0,,,
819040,0,,,
819043,0,,,
819044,0,812507,,
819047,0,812507,,
819055,0,,,
819059,0,,,
819066,0,,,
819069,0,,,
819070,0,,,
819071,0,812507,,
819072,0,,,
819075,0,,,
819077,0,,,
819082,0,,,
819084,0,,,
819087,0,,,
819088,0,,,
819089,0,,,
819090,0,,,
819092,0,812507,,
819093,0,,,
819095,0,,,
819096,0,812507,,
819097,0,,,
819098,0,,,
819103,0,,,
819105,0,,,
819108,0,,,
819109,0,,,
819113,0,,,
819115,0,,,
819116,0,,,
819117,0,,,
819118,0,,,
819119,0,,,
819126,0,,,
819127,0,,,
819128,0,812507,,
819129,0,812507,,
819131,0,812507,,
819132,0,,,
819136,0,,,
819138,0,,,
819141,0,,,
819142,0,,,
819145,0,,,
819147,0,,,
819154,0,,,
819158,0,,,
819160,0,,,
819162,0,,,
819163,0,,,
819164,0,812507,,
819165,0,,,
819167,0,,,
819169,0,812507,,
819171,0,,,
819172,0,,,
819173,0,812507,,
819174,0,812507,,
819178,0,,,
819179,0,,,
819182,0,,,
819183,0,,,
819186,0,,,
819187,0,,,
819188,0,812507,,
819190,0,812507,,
819191,0,,,
819194,0,,,
819195,0,,,
819196,0,,,
819197,0,812507,,
819198,0,,,
819199,0,,,
819201,0,812507,,
819202,0,,,
819203,0,,,
819205,0,,,
819207,0,,,
819218,1,,,
819222,1,,,
819226,0,,,
819240,1,,,
819281,0,812507,,
819285,0,812507,,
819301,0,,,
819305,0,812507,,
819307,0,812507,,
819310,0,812507,,
819321,0,,,
819324,0,,,
819332,0,,,
819335,0,812507,,
819337,0,,,
819341,0,812507,,
819344,0,812507,,
819350,0,812507,,
819351,0,812507,,
819352,0,812507,,
819356,0,,,
819361,0,812507,,
819371,1,,,
819377,0,,,
819379,0,812507,,
819383,0,812507,,
819387,1,,,
819391,1,,,
819392,1,,,
819393,1,,,
819401,0,812507,,
819404,0,,,
819408,0,,,
819410,0,,,
819411,0,812507,,
819414,0,,,
819423,0,812507,,
819426,0,,,
819428,0,,,
819429,0,,,
819433,0,,,
819444,0,812507,,
819448,1,,,
819450,0,812507,,
819451,0,812507,,
819453,0,812507,,
819454,0,,,
819458,0,,,
819459,0,,,
819465,1,,,
819466,1,,,
819467,0,,,
819468,0,,,
819503,0,812507,,
819520,0,812507,,
819538,1,,,
819539,1,,,
819731,1,,,
819748,0,812507,,
819753,0,812507,,
819754,0,812507,,
819772,0,,,
819773,0,,,
819774,0,812507,,
819775,0,,,
819782,1,,,
819783,1,,,
819784,0,,,
819785,0,,,
819786,0,,,
819787,0,,,
819788,0,,,
819789,0,,,
819790,0,,,
819792,0,,,
819793,0,,,
819794,0,,,
819795,0,,,
819798,1,,,
819803,0,812507,,
819804,0,812507,,
819808,1,,,
819809,1,,,
819811,1,,,
819814,1,,,
819815,1,,,
819822,1,,,
819826,0,,,
819827,0,,,
819832,0,,,
819833,0,,,
819834,0,,,
819848,0,,,
819849,0,,,
819856,0,,,
819860,0,,,
819867,0,812507,,
819869,0,,,
819870,0,,,
819880,0,,,
819881,0,,,
819886,0,,,
819887,0,,,
819889,0,812507,,
819890,0,,,
819896,1,,,
819897,0,,,
819901,0,,,
819905,0,812507,,
819906,1,,,
819911,1,,,
819915,1,,,
819921,1,,,
819923,1,,,
819924,1,,,
819926,1,,,
819927,1,,,
819938,0,,,
819939,0,,,
819940,0,,,
819942,0,,,
819965,0,,,
819966,0,,,
819972,0,,,
819987,0,,,
819989,0,812507,,
819990,0,812507,,
819995,0,,,
820011,0,812507,,
820012,0,,,
820016,0,,,
820017,0,,,
820018,0,812507,,
820044,0,,,
820049,0,,,
820052,0,812507,,
820053,0,,,
820054,0,812507,,
820056,1,,,
820057,1,,,
820063,0,,,
820064,0,,,
820066,0,,,
820067,0,,,
820069,1,,,
820070,1,,,
820071,0,,,
820072,0,,,
820073,0,,,
820076,0,,,
820077,1,,,
820079,0,,,
820080,0,812507,,
820081,0,812507,,
820082,0,812507,,
820084,0,812507,,
820086,0,,,
820087,0,,,
820088,0,,,
820089,0,,,
820090,0,,,
820091,0,,,
820092,0,,,
820093,0,,,
820094,0,,,
820095,0,,,
820096,0,,,
820097,0,812507,,
820098,0,812507,,
820099,1,,,
820100,1,,,
820101,0,,,
820102,0,812507,,
820103,0,812507,,
820104,0,812507,,
820105,1,,,
820106,1,,,
820109,1,,,
820110,1,,,
820111,0,,,
820112,1,,,
820117,0,812507,,
820121,1,,,
820123,1,,,
820124,1,,,
820125,1,,,
820128,1,,,
820130,1,,,
820131,1,,,
820136,0,812507,,
820137,0,812507,,
820138,0,,,
820139,0,,,
820141,0,,,
820143,0,812507,,
820144,0,812507,,
820146,0,,,
820147,0,,,
820148,0,812507,,
820150,0,812507,,
820152,0,812507,,
820155,0,,,
820156,0,,,
820157,0,,,
820158,0,812507,,
820159,0,,,
820160,0,812507,,
820161,0,,,
820162,0,812507,,
820163,0,,,
820164,0,812507,,
820167,0,,,
820168,0,812507,,
820169,0,,,
820170,0,,,
820171,0,812507,,
820172,0,,,
820173,0,812507,,
820174,0,812507,,
820175,0,,,
820176,0,812507,,
820177,0,,,
820178,0,812507,,
820180,0,812507,,
820181,0,,,
820182,0,,,
820183,0,812507,,
820184,0,,,
820186,0,812507,,
820187,0,,,
820189,0,,,
820190,0,812507,,
820191,0,812507,,
820192,0,,,
820193,0,,,
820194,0,,,
820195,0,,,
820196,0,812507,,
820198,0,812507,,
820199,0,812507,,
820200,0,,,
820203,0,812507,,
820204,0,,,
820205,0,812507,,
820206,0,,,
820212,0,,,
820213,0,812507,,
820218,0,,,
820225,0,812507,,
820233,0,,,
820246,0,,,
820252,0,812507,,
820263,0,,,
820273,0,812507,,
820274,0,,,
820310,1,,,
820311,1,,,
820312,1,,,
820313,1,,,
820314,1,,,
820316,1,,,
820317,1,,,
820318,1,,,
820319,1,,,
820322,1,,,
820323,1,,,
820324,0,,,
820325,0,,,
820326,0,,,
820331,0,,,
820332,0,,,
820334,0,,,
820336,0,812507,,
820338,0,,,
820340,0,812507,,
820342,0,,,
820343,0,,,
820344,0,,,
820345,0,,,
820346,0,812507,,
820348,0,,,
820349,0,,,
820351,0,,,
820352,0,,,
820355,0,,,
820356,0,,,
820357,0,,,
820359,0,,,
820360,0,812507,,
820361,0,,,
820362,0,,,
820366,0,,,
820368,0,,,
820369,0,,,
820370,0,,,
820373,0,,,
820374,0,812507,,
820375,0,,,
820377,0,,,
820378,0,,,
820379,0,,,
820383,0,,,
820385,0,,,
820422,1,,,
820433,0,812507,,
820434,0,,,
820435,0,,,
820443,0,,,
820444,0,,,
820445,0,,,
820446,0,,,
820447,0,,,
820448,0,,,
820457,0,,,
820459,1,,,
820460,1,,,
820463,1,,,
820464,1,,,
820465,1,,,
820466,1,,,
820467,1,,,
820468,1,,,
820469,1,,,
820470,1,,,
820471,1,,,
820472,1,,,
820473,1,,,
820474,1,,,
820475,1,,,
820476,1,,,
820477,1,,,
820478,1,,,
820479,1,,,
820480,1,,,
820481,1,,,
820482,1,,,
820483,1,,,
820484,1,,,
820486,0,,,
820487,0,812507,,
820488,0,,,
820489,0,,,
820490,0,,,
820492,0,,,
820497,0,812507,,
820498,0,,,
820499,0,,,
820501,0,812507,,
820502,0,812507,,
820503,0,812507,,
820504,0,,,
820505,0,,,
820506,0,,,
820507,0,,,
820508,0,812507,,
820509,0,,,
820510,0,,,
820511,0,,,
820512,0,,,
820513,0,,,
820514,0,812507,,
820515,0,,,
820516,0,812507,,
820517,0,,,
820518,0,,,
820519,0,,,
820520,0,,,
820521,0,812507,,
820522,0,,,
820523,0,,,
820524,0,,,
820526,0,,,
820527,0,812507,,
820529,0,,,
820530,0,812507,,
820533,1,,,
820534,1,,,
820535,1,,,
820536,1,,,
820537,1,,,
820538,1,,,
820539,1,,,
820540,1,,,
820541,1,,,
820542,1,,,
820543,1,,,
820544,1,,,
820545,0,,,
820546,0,812507,,
820547,0,,,
820548,0,812507,,
820549,0,812507,,
820550,0,,,
820551,0,,,
820552,0,,,
820553,0,812507,,
820554,0,,,
820555,0,812507,,
820556,0,,,
820557,0,812507,,
820558,0,,,
820559,0,,,
820560,0,812507,,
820561,0,,,
820562,0,,,
820563,0,812507,,
820564,0,812507,,
820565,0,812507,,
820566,0,,,
820567,0,,,
820568,0,,,
820569,0,,,
820570,0,812507,,
820571,0,,,
820572,0,,,
820573,0,,,
820574,0,,,
820575,0,812507,,
820576,0,,,
820577,0,812507,,
820578,0,,,
820579,0,812507,,
820580,0,812507,,
820581,0,,,
820582,0,812507,,
820583,0,,,
820584,0,,,
820585,0,,,
820586,0,,,
820587,0,,,
820588,0,,,
820589,0,812507,,
820590,0,812507,,
820591,0,,,
820592,0,812507,,
820593,0,812507,,
820594,0,812507,,
820595,0,812507,,
820596,0,,,
820597,0,,,
820598,0,,,
820599,0,,,
820600,0,,,
820601,0,,,
820602,0,,,
820603,0,812507,,
820604,0,,,
820605,0,,,
820606,0,,,
820607,0,812507,,
820608,0,,,
820609,0,,,
820610,0,812507,,
820611,0,812507,,
820612,0,,,
820613,1,,,
820614,0,,,
820615,0,812507,,
820616,1,,,
820617,1,,,
820618,0,,,
820620,0,,,
820621,0,,,
